%Добавляет начальные данные в workspace
Kf = 0.2506628274631;
Tf = 0.1;
K1 = 10;
T1 = 0.005;
K3 = 1;
T3 = 0.05;
xi = 0.07;
K4 = 3;
T4 = 0.01;
Klin = 0.11239753;
Klin2 = 0.08935249;
v = 10;